8.784096389264417937e+00
1.439005457438846669e-01
-2.512546614096742736e+00
-4.614713737838554763e+00
-5.078538273163141881e+00
-1.833725640846594374e+01
-9.655488981725215414e-01
6.057681754748299952e+00
1.128435300546719056e+01
3.152328235551577595e+00
3.569168327560716669e+00
4.506002445510807419e+00
1.378260754494646001e+01
-1.719638816147006644e+00
-3.599843785495712378e+00
1.534154136550099246e+01
-2.418507308896807206e+00
1.202130595950694492e+01
-9.855636390424903581e+00
-1.056900631166747750e+01
-6.478274612413119193e+00
-3.861426558636082973e+00
-2.187231659294362807e+00
-1.115961599454719710e+01
-9.446718816870308899e+00
-7.452558691939894508e+00
-1.464200342677952804e+01
-2.855439904714129451e+00
1.069742854458428560e+01
2.157522316300936893e+01
-2.206267968977448479e+00
-5.750600972991806614e+00
-3.303148148516729776e+00
1.326504989108885546e+01
-1.519755571455223331e+00
-5.474602834944646723e+00
-1.040373693048245407e+01
-4.100627225607107462e+00
2.418376462485155809e+00
5.235993036606653384e+00
8.569362550155421587e+00
6.899583089372211653e+00
-4.878679660731117806e+00
-8.983284528621091169e+00
-1.219988373923142611e+01
4.823041716281617042e+00
1.027365648352399141e+01
-3.967266771598306763e-01
4.937781189510273561e-02
-1.338294782842176822e+01
-4.877511981990508616e+00
6.748074291328945762e+00
-4.616777541377337535e+00
-1.307376797899079435e+01
3.322141159583630987e+00
1.202822268103517978e+01
-4.882152661973567120e+00
5.919612621626253457e+00
8.975938351860689224e+00
-2.207266500093814443e+01
-1.815362154033177688e+01
8.231290523876024778e+00
2.380150754381569200e+00
3.473959913666273103e+00
9.822349632762646721e+00
-1.107661995545420908e+01
-4.441104499794124472e+00
-4.956329538608478913e+00
1.575553862985788278e+01
-5.555323653183380506e-01
-7.283236103314934873e+00
-1.618775489257816247e+01
1.473513507215694673e+01
-4.889164729848967994e+00
-1.046695965057868349e+01
-3.514680330005834463e+00
-4.817931463194404351e+00
3.485658399704188781e+00
-6.218891030876399384e+00
4.151788277933561311e+00
